1.0
40 20
1 2 3 4 5 6 7 8 9 10 11 12 13 14 15 16 17 18 19 20
0 8
4 409
7 161
8 996
13 80
22 870
26 797
34 472
35 610
1 2
23 923
33 968
2 2
29 154
36 541
3 2
32 971
37 146
4 4
0 409
12 278
20 777
28 341
5 6
17 663
18 658
32 916
33 975
36 889
39 792
6 3
14 405
30 137
35 652
7 3
0 161
13 93
33 356
8 1
0 996
9 2
12 578
34 370
10 1
37 212
11 1
37 236
12 3
4 278
9 578
27 446
13 7
0 80
7 93
14 311
15 738
25 963
31 9
36 402
14 2
6 405
13 311
15 3
13 738
38 68
39 338
16 1
25 411
17 3
5 663
21 854
34 658
18 2
5 658
38 153
19 2
27 429
35 891
20 1
4 777
21 1
17 854
22 1
0 870
23 4
1 923
33 532
35 638
36 560
24 2
33 173
38 787
25 2
13 963
16 411
26 2
0 797
32 794
27 2
12 446
19 429
28 1
4 341
29 3
2 154
30 840
38 20
30 3
6 137
29 840
34 252
31 2
13 9
35 521
32 4
3 971
5 916
26 794
38 144
33 5
1 968
5 975
7 356
23 532
24 173
34 5
0 472
9 370
17 658
30 252
37 67
35 6
0 610
6 652
19 891
23 638
31 521
36 482
36 6
2 541
5 889
13 402
23 560
35 482
39 292
37 4
3 146
10 212
11 236
34 67
38 5
15 68
18 153
24 787
29 20
32 144
39 3
5 792
15 338
36 292
