0.30000
20 10
1 2 4 6 13 15 16 17 18 19
0 3
1 18
7 13
10 11
1 4
0 18
2 12
7 11
15 20
2 5
1 12
3 20
5 11
10 15
17 12
3 4
2 20
12 17
15 18
17 15
4 3
5 13
8 11
19 19
5 4
2 11
4 13
13 14
19 16
6 5
7 19
10 19
11 13
12 11
19 15
7 6
0 13
1 11
6 19
15 18
17 18
19 15
8 2
4 11
14 13
9 4
10 14
15 18
16 18
18 13
10 5
0 11
2 15
6 19
9 14
18 18
11 1
6 13
12 4
3 17
6 11
18 18
19 12
13 3
5 14
17 20
18 11
14 3
8 13
15 14
16 16
15 5
1 20
3 18
7 18
9 18
14 14
16 2
9 18
14 16
17 4
2 12
3 15
7 18
13 20
18 4
9 13
10 18
12 18
13 11
19 5
4 19
5 16
6 15
7 15
12 12
