0.30000
20 10
1 5 6 7 8 9 14 15 18 19
0 4
4 6148
8 9651
11 2797
14 6593
1 2
8 8818
18 7441
2 2
6 1795
8 1361
3 3
7 3609
9 8301
12 7287
4 4
0 6148
13 65
17 7176
18 3608
5 3
8 3236
13 5113
18 2786
6 4
2 1795
9 3136
16 2857
18 2780
7 4
3 3609
8 10290
14 6913
17 3419
8 8
0 9651
1 8818
2 1361
5 3236
7 10290
14 4739
17 8445
18 1871
9 5
3 8301
6 3136
14 4500
15 3754
17 7048
10 2
12 2817
18 3746
11 3
0 2797
13 5652
18 6222
12 4
3 7287
10 2817
17 6349
19 7080
13 4
4 65
5 5113
11 5652
16 6975
14 4
0 6593
7 6913
8 4739
9 4500
15 2
9 3754
18 4622
16 2
6 2857
13 6975
17 7
4 7176
7 3419
8 8445
9 7048
12 6349
18 7359
19 733
18 9
1 7441
4 3608
5 2786
6 2780
8 1871
10 3746
11 6222
15 4622
17 7359
19 2
12 7080
17 733
