1.00000
20 10
1 5 6 8 9 15 16 17 18 19
0 4
4 5909
7 7865
12 4792
15 7138
1 2
18 5215
19 6181
2 5
4 6156
5 6265
9 6786
10 2259
19 4901
3 7
4 6998
5 6579
9 3207
10 2009
12 5095
13 6478
16 4789
4 7
0 5909
2 6156
3 6998
13 520
14 6468
16 6984
18 2545
5 4
2 6265
3 6579
14 5615
18 3436
6 3
8 6591
14 1431
18 8068
7 6
0 7865
9 5224
12 7541
16 7400
17 6187
19 992
8 3
6 6591
13 8583
17 7722
9 8
2 6786
3 3207
7 5224
10 4736
11 9971
15 5392
17 9896
18 9609
10 4
2 2259
3 2009
9 4736
19 5027
11 3
9 9971
13 7744
14 10167
12 3
0 4792
3 5095
7 7541
13 6
3 6478
4 520
8 8583
11 7744
14 6042
19 9834
14 5
4 6468
5 5615
6 1431
11 10167
13 6042
15 2
0 7138
9 5392
16 3
3 4789
4 6984
7 7400
17 4
7 6187
8 7722
9 9896
18 6570
18 6
1 5215
4 2545
5 3436
6 8068
9 9609
17 6570
19 5
1 6181
2 4901
7 992
10 5027
13 9834
