1.00000
20 10
1 2 5 10 11 12 13 14 16 19
0 12
1 19
2 15
4 16
5 15
6 16
9 17
10 14
11 16
13 17
14 19
15 16
18 14
1 15
0 19
2 18
3 12
4 18
5 11
6 17
7 16
8 17
10 15
12 16
14 19
15 20
16 18
17 20
19 14
2 13
0 15
1 18
3 11
5 14
6 20
8 18
9 17
10 17
12 13
14 17
15 20
16 12
17 13
3 14
1 12
2 11
4 17
5 15
6 18
7 15
9 19
11 12
12 20
13 18
14 11
15 13
16 15
19 19
4 12
0 16
1 18
3 17
5 11
7 17
8 19
10 12
13 19
14 15
17 19
18 17
19 12
5 16
0 15
1 11
2 14
3 15
4 11
6 18
7 12
8 18
9 18
10 20
11 15
12 13
14 14
16 14
17 14
18 16
6 16
0 16
1 17
2 20
3 18
5 18
7 11
8 11
9 15
11 11
12 14
13 13
14 12
15 17
16 12
17 14
18 18
7 12
1 16
3 15
4 17
5 12
6 11
8 17
9 20
10 17
11 18
13 14
16 19
19 15
8 13
1 17
2 18
4 19
5 18
6 11
7 17
10 16
11 14
12 11
13 13
16 11
18 18
19 12
9 12
0 17
2 17
3 19
5 18
6 15
7 20
11 19
12 16
13 14
14 15
16 11
17 20
10 15
0 14
1 15
2 17
4 12
5 20
7 17
8 16
11 17
12 14
13 15
14 12
15 11
17 17
18 14
19 18
11 13
0 16
3 12
5 15
6 11
7 18
8 14
9 19
10 17
13 15
14 17
15 19
17 15
19 14
12 14
1 16
2 13
3 20
5 13
6 14
8 11
9 16
10 14
13 17
14 15
16 18
17 19
18 15
19 16
13 15
0 17
3 18
4 19
6 13
7 14
8 13
9 14
10 15
11 15
12 17
15 16
16 11
17 17
18 14
19 11
14 15
0 19
1 19
2 17
3 11
4 15
5 14
6 12
9 15
10 12
11 17
12 15
16 11
17 11
18 15
19 16
15 10
0 16
1 20
2 20
3 13
6 17
10 11
11 19
13 16
16 14
18 12
16 13
1 18
2 12
3 15
5 14
6 12
7 19
8 11
9 11
12 18
13 11
14 11
15 14
17 19
17 13
1 20
2 13
4 19
5 14
6 14
9 20
10 17
11 15
12 19
13 17
14 11
16 19
19 15
18 11
0 14
4 17
5 16
6 18
8 18
10 14
12 15
13 14
14 15
15 12
19 19
19 12
1 14
3 19
4 12
7 15
8 12
10 18
11 14
12 16
13 11
14 16
17 15
18 19
