0.30000
40 20
1 5 8 11 16 17 18 20 22 26 28 29 31 32 33 34 36 37 38 39
0 7
2 18
6 13
7 20
13 19
14 15
30 17
33 14
1 4
9 12
25 14
37 15
39 14
2 5
0 18
14 20
18 19
25 13
30 20
3 6
5 13
7 11
23 13
27 13
31 12
35 12
4 2
7 12
15 13
5 7
3 13
21 20
25 19
29 19
34 17
35 19
37 14
6 4
0 13
13 15
36 15
38 13
7 3
0 20
3 11
4 12
8 3
11 16
28 13
31 15
9 3
1 12
12 19
29 20
10 2
15 19
21 16
11 1
8 16
12 4
9 19
15 13
36 20
38 17
13 3
0 19
6 15
23 11
14 7
0 15
2 20
18 17
23 11
35 18
36 16
39 17
15 7
4 13
10 19
12 13
17 15
20 15
22 20
24 14
16 3
17 15
29 16
33 12
17 3
15 15
16 15
30 17
18 3
2 19
14 17
22 17
19 1
30 13
20 1
15 15
21 6
5 20
10 16
24 13
27 14
33 20
38 15
22 2
15 20
18 17
23 3
3 13
13 11
14 11
24 2
15 14
21 13
25 3
1 14
2 13
5 19
26 1
31 17
27 4
3 13
21 14
30 18
32 13
28 2
8 13
39 15
29 7
5 19
9 20
16 16
30 17
32 16
37 12
39 13
30 8
0 17
2 20
17 17
19 13
27 18
29 17
33 16
34 19
31 5
3 12
8 15
26 17
33 14
38 15
32 2
27 13
29 16
33 6
0 14
16 12
21 20
30 16
31 14
37 13
34 3
5 17
30 19
38 12
35 4
3 12
5 19
14 18
39 17
36 3
6 15
12 20
14 16
37 4
1 15
5 14
29 12
33 13
38 6
6 13
12 17
21 15
31 15
34 12
39 14
39 6
1 14
14 17
28 15
29 13
35 17
38 14
