0.30000
40 20
1 8 9 10 14 16 17 18 21 22 23 25 26 27 28 30 32 34 35 39
0 10
1 3840
7 3946
11 4935
14 7122
15 3929
22 1742
24 4058
25 2485
34 2964
38 5927
1 6
0 3840
5 3858
12 2314
20 6685
22 2163
25 3554
2 8
4 5757
7 2138
10 5663
13 5287
16 3995
32 3953
34 4641
36 2415
3 8
10 10772
11 662
18 5973
23 7128
24 7048
27 4194
30 1976
36 4441
4 10
2 5757
5 8065
11 6544
12 8906
18 6072
29 11082
34 10041
36 7805
37 9133
39 8603
5 10
1 3858
4 8065
7 4231
9 3124
22 2049
26 6721
27 2127
31 7190
32 2590
39 1522
6 6
14 5090
19 4471
21 4912
24 3907
27 1602
31 5035
7 13
0 3946
2 2138
5 4231
8 4101
9 1144
10 5386
16 6048
19 6766
21 3245
26 4050
28 6067
29 7253
35 4588
8 8
7 4101
9 5119
12 8261
20 3932
26 2010
28 10097
29 10692
32 8957
9 13
5 3124
7 1144
8 5119
14 4692
15 6734
18 1050
19 7084
22 4675
25 4680
26 4740
27 2889
29 6132
31 4151
10 12
2 5663
3 10772
7 5386
13 10838
14 8404
15 7962
18 4802
20 6917
29 6911
34 8530
37 11280
39 6867
11 7
0 4935
3 662
4 6544
13 1361
17 3878
23 6790
34 5375
12 15
1 2314
4 8906
8 8261
14 8437
16 1334
19 7125
22 183
23 2098
24 5692
25 1829
28 7109
29 2891
30 7170
34 1318
38 6129
13 8
2 5287
10 10838
11 1361
16 7549
20 3931
25 4519
26 2539
38 124
14 12
0 7122
6 5090
9 4692
10 8404
12 8437
15 11045
16 9271
29 10629
30 7301
31 867
32 8451
39 8136
15 9
0 3929
9 6734
10 7962
14 11045
17 4020
18 5685
25 4445
31 10707
39 2955
16 12
2 3995
7 6048
12 1334
13 7549
14 9271
21 9009
22 1173
27 3073
30 8503
32 3794
34 1835
39 1276
17 7
11 3878
15 4020
21 8628
23 4118
25 1203
28 9107
32 6512
18 12
3 5973
4 6072
9 1050
10 4802
15 5685
19 7196
21 5334
23 3442
26 5256
28 5078
30 7759
34 4911
19 9
6 4471
7 6766
9 7084
12 7125
18 7196
20 4965
22 7299
25 5346
38 1120
20 9
1 6685
8 3932
10 6917
13 3931
19 4965
23 5233
32 5558
34 5509
35 6154
21 9
6 4912
7 3245
16 9009
17 8628
18 5334
31 568
32 8119
35 7279
37 8640
22 10
0 1742
1 2163
5 2049
9 4675
12 183
16 1173
19 7299
28 7077
35 6924
37 4641
23 9
3 7128
11 6790
12 2098
17 4118
18 3442
20 5233
27 3234
34 2892
38 7868
24 9
0 4058
3 7048
6 3907
12 5692
25 5829
28 5108
30 8556
33 8365
34 7005
25 14
0 2485
1 3554
9 4680
12 1829
13 4519
15 4445
17 1203
19 5346
24 5829
29 4699
31 7556
35 7891
36 1345
39 2068
26 8
5 6721
7 4050
8 2010
9 4740
13 2539
18 5256
34 7678
36 5692
27 9
3 4194
5 2127
6 1602
9 2889
16 3073
23 3234
29 4607
31 6161
35 6193
28 13
7 6067
8 10097
12 7109
17 9107
18 5078
22 7077
24 5108
29 6212
30 12830
31 8511
32 2617
37 11276
39 6626
29 11
4 11082
7 7253
8 10692
9 6132
10 6911
12 2891
14 10629
25 4699
27 4607
28 6212
33 3035
30 7
3 1976
12 7170
14 7301
16 8503
18 7759
24 8556
28 12830
31 12
5 7190
6 5035
9 4151
14 867
15 10707
21 568
25 7556
27 6161
28 8511
33 10836
34 9388
39 7854
32 11
2 3953
5 2590
8 8957
14 8451
16 3794
17 6512
20 5558
21 8119
28 2617
34 5550
38 9077
33 4
24 8365
29 3035
31 10836
36 3714
34 15
0 2964
2 4641
4 10041
10 8530
11 5375
12 1318
16 1835
18 4911
20 5509
23 2892
24 7005
26 7678
31 9388
32 5550
36 2270
35 7
7 4588
20 6154
21 7279
22 6924
25 7891
27 6193
39 6397
36 7
2 2415
3 4441
4 7805
25 1345
26 5692
33 3714
34 2270
37 6
4 9133
10 11280
21 8640
22 4641
28 11276
39 4875
38 6
0 5927
12 6129
13 124
19 1120
23 7868
32 9077
39 11
4 8603
5 1522
10 6867
14 8136
15 2955
16 1276
25 2068
28 6626
31 7854
35 6397
37 4875
