1.00000
40 20
1 5 6 9 13 15 16 17 22 23 24 25 26 28 29 32 33 34 36 39
0 12
6 1748
7 3786
11 7520
14 2819
16 7280
21 3073
24 1625
27 1900
29 6840
33 7995
36 3211
38 3182
1 8
2 4585
10 5019
13 3280
20 4230
26 6579
33 6125
36 2935
38 5302
2 13
1 4585
4 7763
5 2057
6 2699
9 5575
15 5023
16 5314
18 3589
20 2344
21 5568
26 7323
28 6137
34 1482
3 7
10 2631
12 5414
17 4391
23 5515
27 4902
28 6767
36 2489
4 8
2 7763
7 10850
9 5369
12 2053
16 7450
18 5225
26 3135
35 4410
5 5
2 2057
9 7596
21 7624
30 6886
34 1941
6 8
0 1748
2 2699
11 9075
13 2841
15 4095
24 2011
34 2521
38 3027
7 9
0 3786
4 10850
16 9033
18 5731
19 6975
24 3742
25 6287
28 7139
37 6950
8 7
12 2488
18 5126
21 7188
23 4555
28 6389
30 6755
39 10437
9 8
2 5575
4 5369
5 7596
21 1384
22 6165
24 3215
27 1482
31 5217
10 5
1 5019
3 2631
21 6942
27 5315
35 4170
11 11
0 7520
6 9075
21 8153
23 5564
27 6829
30 7675
32 8533
35 5366
37 6724
38 7701
39 10953
12 11
3 5414
4 2053
8 2488
14 2368
15 3996
21 4795
24 5935
26 4018
30 4456
31 3595
35 2361
13 9
1 3280
6 2841
16 5485
20 2530
25 2554
28 4911
29 5230
30 3751
36 2013
14 7
0 2819
12 2368
16 7086
29 5637
30 2307
34 5593
38 5035
15 9
2 5023
6 4095
12 3996
19 4092
27 923
30 528
31 5172
33 7118
39 6093
16 10
0 7280
2 5314
4 7450
7 9033
13 5485
14 7086
21 9629
27 7949
33 7131
39 9082
17 2
3 4391
24 8786
18 9
2 3589
4 5225
7 5731
8 5126
19 2326
24 2859
30 1991
36 2111
38 4307
19 7
7 6975
15 4092
18 2326
22 5812
26 4156
30 4306
35 2213
20 6
1 4230
2 2344
13 2530
22 1279
26 8972
31 5210
21 14
0 3073
2 5568
5 7624
8 7188
9 1384
10 6942
11 8153
12 4795
16 9629
22 5539
29 8453
31 6025
32 4879
36 4787
22 11
9 6165
19 5812
20 1279
21 5539
28 6540
29 8352
31 5968
32 1177
34 1745
36 5378
39 1289
23 11
3 5515
8 4555
11 5564
24 4072
27 1941
29 6291
30 2400
31 4256
36 3139
37 1164
39 7485
24 14
0 1625
6 2011
7 3742
9 3215
12 5935
17 8786
18 2859
23 4072
27 2160
34 4371
36 4642
37 3341
38 4572
39 3793
25 6
7 6287
13 2554
31 3110
32 4212
38 4631
39 6348
26 12
1 6579
2 7323
4 3135
12 4018
19 4156
20 8972
27 7168
28 7850
30 8038
31 3869
34 8758
35 5724
27 15
0 1900
3 4902
9 1482
10 5315
11 6829
15 923
16 7949
23 1941
24 2160
26 7168
29 6852
30 967
33 6881
35 1485
36 3135
28 8
2 6137
3 6767
7 7139
8 6389
13 4911
22 6540
26 7850
39 7192
29 12
0 6840
13 5230
14 5637
21 8453
22 8352
23 6291
27 6852
31 2616
35 5631
36 3760
38 5956
39 9641
30 14
5 6886
8 6755
11 7675
12 4456
13 3751
14 2307
15 528
18 1991
19 4306
23 2400
26 8038
27 967
34 5634
38 5507
31 11
9 5217
12 3595
15 5172
20 5210
21 6025
22 5968
23 4256
25 3110
26 3869
29 2616
38 3891
32 7
11 8533
21 4879
22 1177
25 4212
34 1500
35 4581
37 5347
33 6
0 7995
1 6125
15 7118
16 7131
27 6881
38 8836
34 9
2 1482
5 1941
6 2521
14 5593
22 1745
24 4371
26 8758
30 5634
32 1500
35 11
4 4410
10 4170
11 5366
12 2361
19 2213
26 5724
27 1485
29 5631
32 4581
38 5038
39 6671
36 13
0 3211
1 2935
3 2489
13 2013
18 2111
21 4787
22 5378
23 3139
24 4642
27 3135
29 3760
37 3902
38 3780
37 6
7 6950
11 6724
23 1164
24 3341
32 5347
36 3902
38 15
0 3182
1 5302
6 3027
11 7701
14 5035
18 4307
24 4572
25 4631
29 5956
30 5507
31 3891
33 8836
35 5038
36 3780
39 3873
39 12
8 10437
11 10953
15 6093
16 9082
22 1289
23 7485
24 3793
25 6348
28 7192
29 9641
35 6671
38 3873
