1.00000
40 20
2 3 4 6 7 8 12 13 15 18 23 25 27 29 30 31 33 34 37 38
0 12
4 14
8 17
10 19
11 18
12 20
19 17
20 20
23 15
24 15
29 11
31 14
35 14
1 11
7 16
11 15
13 13
14 15
17 13
19 18
20 20
21 19
27 20
28 18
29 18
2 14
3 12
7 19
8 19
9 13
10 13
11 15
15 20
21 14
22 18
29 11
32 15
34 11
35 11
39 13
3 12
2 12
6 16
7 20
9 17
16 16
18 13
20 13
23 15
27 13
33 14
35 19
39 18
4 17
0 14
6 16
7 14
8 12
9 13
11 11
12 12
14 18
15 12
17 19
19 16
28 17
31 17
32 11
33 15
38 18
39 15
5 11
6 20
14 16
17 12
21 18
22 12
25 13
29 18
30 15
32 19
35 19
37 16
6 17
3 16
4 16
5 20
9 19
11 20
12 11
14 18
18 18
22 12
23 19
24 18
27 12
29 19
30 14
36 17
38 12
39 13
7 19
1 16
2 19
3 20
4 14
12 19
13 13
15 14
17 14
18 19
20 15
23 13
25 12
28 17
29 17
30 13
33 20
34 18
35 12
36 16
8 16
0 17
2 19
4 12
12 16
21 18
22 17
23 20
24 18
27 17
28 12
29 16
32 15
33 20
35 15
36 19
38 14
9 13
2 13
3 17
4 13
6 19
14 18
18 14
20 20
25 19
27 18
30 12
31 17
33 16
38 17
10 16
0 19
2 13
11 20
16 11
18 18
20 15
22 11
23 16
24 14
25 20
28 14
32 16
33 12
34 18
35 19
38 18
11 17
0 18
1 15
2 15
4 11
6 20
10 20
15 18
16 19
20 12
23 12
24 13
25 17
26 20
28 17
30 16
35 19
38 14
12 18
0 20
4 12
6 11
7 19
8 16
15 15
16 20
17 20
19 14
20 14
23 16
24 11
26 20
32 18
34 15
36 18
37 15
39 16
13 19
1 13
7 13
15 19
16 20
17 20
19 12
24 11
25 18
26 18
27 20
29 11
31 19
32 20
33 18
34 15
35 13
36 11
38 14
39 19
14 13
1 15
4 18
5 16
6 18
9 18
18 19
24 19
26 13
27 14
28 14
31 11
36 20
38 14
15 14
2 20
4 12
7 14
11 18
12 15
13 19
18 15
23 17
25 14
27 17
28 17
31 18
32 14
37 20
16 16
3 16
10 11
11 19
12 20
13 20
21 16
25 14
27 16
28 12
29 18
31 16
33 18
34 14
35 12
37 12
38 17
17 19
1 13
4 19
5 12
7 14
12 20
13 20
23 17
24 11
26 18
28 17
29 12
30 16
31 18
32 16
35 13
36 17
37 15
38 18
39 12
18 12
3 13
6 18
7 19
9 14
10 18
14 19
15 15
19 20
20 14
22 13
23 14
37 13
19 9
0 17
1 18
4 16
12 14
13 12
18 20
20 17
23 14
29 11
20 19
0 20
1 20
3 13
7 15
9 20
10 15
11 12
12 14
18 14
19 17
21 17
24 14
26 11
28 12
29 12
33 13
36 13
37 14
38 16
21 14
1 19
2 14
5 18
8 18
16 16
20 17
22 18
27 11
29 11
31 12
32 14
33 14
34 19
38 14
22 14
2 18
5 12
6 12
8 17
10 11
18 13
21 18
23 15
24 13
26 11
29 15
31 11
33 16
36 11
23 17
0 15
3 15
6 19
7 13
8 20
10 16
11 12
12 16
15 17
17 17
18 14
19 14
22 15
24 18
31 16
37 12
39 13
24 19
0 15
6 18
8 18
10 14
11 13
12 11
13 11
14 19
17 11
20 14
22 13
23 18
26 14
27 12
28 11
31 16
33 15
36 12
38 18
25 17
5 13
7 12
9 19
10 20
11 17
13 18
15 14
16 14
26 20
28 16
30 14
31 18
33 17
34 15
36 17
38 18
39 19
26 13
11 20
12 20
13 18
14 13
17 18
20 11
22 11
24 14
25 20
29 18
33 12
34 14
39 17
27 16
1 20
3 13
6 12
8 17
9 18
13 20
14 14
15 17
16 16
21 11
24 12
29 20
32 14
35 12
38 12
39 20
28 19
1 18
4 17
7 17
8 12
10 14
11 17
14 14
15 17
16 12
17 17
20 12
24 11
25 16
30 14
31 20
34 18
35 16
36 16
39 20
29 19
0 11
1 18
2 11
5 18
6 19
7 17
8 16
13 11
16 18
17 12
19 11
20 12
21 11
22 15
26 18
27 20
34 17
36 20
38 11
30 12
5 15
6 14
7 13
9 12
11 16
17 16
25 14
28 14
31 15
34 19
37 20
39 17
31 21
0 14
4 17
9 17
13 19
14 11
15 18
16 16
17 18
21 12
22 11
23 16
24 16
25 18
28 20
30 15
32 13
34 17
35 16
36 11
37 12
39 18
32 14
2 15
4 11
5 19
8 15
10 16
12 18
13 20
15 14
17 16
21 14
27 14
31 13
34 17
38 20
33 16
3 14
4 15
7 20
8 20
9 16
10 12
13 18
16 18
20 13
21 14
22 16
24 15
25 17
26 12
37 20
38 20
34 16
2 11
7 18
10 18
12 15
13 15
16 14
21 19
25 15
26 14
28 18
29 17
30 19
31 17
32 17
35 19
37 11
35 16
0 14
2 11
3 19
5 19
7 12
8 15
10 19
11 19
13 13
16 12
17 13
27 12
28 16
31 16
34 19
38 11
36 16
6 17
7 16
8 19
12 18
13 11
14 20
17 17
20 13
22 11
24 12
25 17
28 16
29 20
31 11
37 17
38 15
37 14
5 16
12 15
15 20
16 12
17 15
18 13
20 14
23 12
30 20
31 12
33 20
34 11
36 17
38 12
38 22
4 18
6 12
8 14
9 17
10 18
11 14
13 14
14 14
16 17
17 18
20 16
21 14
24 18
25 18
27 12
29 11
32 20
33 20
35 11
36 15
37 12
39 12
39 15
2 13
3 18
4 15
6 13
12 16
13 19
17 12
23 13
25 19
26 17
27 20
28 20
30 17
31 18
38 12
