1.0
20 9
1 2 3 4 5 6 7 8 9
0 10
10 98
11 98
12 98
13 98
14 98
15 98
16 98
17 98
18 98
19 9
10 4
0 98
11 40
18 40
1 22
11 4
0 98
12 40
10 40
2 22
12 4
0 98
13 40
11 40
3 22
13 4
0 98
14 40
12 40
4 22
14 4
0 98
15 40
13 40
5 22
15 4
0 98
16 40
14 40
6 22
16 4
0 98
17 40
15 40
7 22
17 4
0 98
18 40
16 40
8 22
18 4
0 98
10 40
17 40
9 22
1 2
10 22
19 98
2 2
11 22
19 98
3 2
12 22
19 98
4 2
13 22
19 98
5 2
14 22
19 98
6 2
15 22
19 98
7 2
16 22
19 98
8 2
17 22
19 98
9 2
18 22
19 98
19 10
1 98
2 98
3 98
4 98
5 98
6 98
7 98
8 98
9 98
0 9
