0.3
40 20
1 2 3 4 5 6 7 8 9 10 11 12 13 14 15 16 17 18 19 20
0 8
5 98
9 401
17 101
25 60
26 406
27 471
28 44
32 334
1 6
7 407
11 577
13 188
18 309
31 152
39 225
2 8
4 346
13 603
17 639
23 470
27 367
30 625
31 353
39 190
3 5
14 213
15 472
19 218
20 670
28 54
4 3
2 346
29 441
36 941
5 7
0 98
6 7
14 17
18 506
28 142
31 299
33 695
6 11
5 7
7 164
9 371
10 519
13 564
15 311
25 31
27 523
35 89
36 162
38 108
7 11
1 407
6 164
10 557
16 100
25 187
26 540
27 359
30 332
31 470
35 75
39 182
8 7
11 193
19 457
21 888
26 520
27 368
28 621
29 395
9 8
0 401
6 371
17 502
18 142
22 268
26 5
30 867
37 406
10 8
6 519
7 557
23 884
26 678
28 654
29 953
33 924
39 641
11 10
1 577
8 193
13 627
14 510
19 650
20 181
27 175
29 316
31 639
37 643
12 4
17 70
18 602
28 215
37 352
13 10
1 188
2 603
6 564
11 627
16 603
19 368
24 340
27 457
28 532
31 340
14 5
3 213
5 17
11 510
22 79
36 186
15 8
3 472
6 311
17 273
25 342
30 807
33 813
34 447
37 9
16 5
7 100
13 603
28 391
33 460
35 175
17 8
0 101
2 639
9 502
12 70
15 273
18 532
21 668
33 698
18 8
1 309
5 506
9 142
12 602
17 532
24 312
27 268
28 387
19 8
3 218
8 457
11 650
13 368
22 402
25 268
33 389
36 137
20 4
3 670
11 181
27 356
30 329
21 5
8 888
17 668
25 507
33 503
35 619
22 6
9 268
14 79
19 402
25 134
26 273
37 199
23 4
2 470
10 884
27 246
31 565
24 7
13 340
18 312
31 296
34 564
35 305
38 116
39 562
25 11
0 60
6 31
7 187
15 342
19 268
21 507
22 134
28 104
35 112
36 131
38 77
26 9
0 406
7 540
8 520
9 5
10 678
22 273
34 649
35 465
38 484
27 13
0 471
2 367
6 523
7 359
8 368
11 175
13 457
18 268
20 356
23 246
29 245
35 434
39 177
28 14
0 44
3 54
5 142
8 621
10 654
12 215
13 532
16 391
18 387
25 104
31 431
32 378
34 326
36 27
29 6
4 441
8 395
10 953
11 316
27 245
37 634
30 6
2 625
7 332
9 867
15 807
20 329
33 858
31 10
1 152
2 353
5 299
7 470
11 639
13 340
23 565
24 296
28 431
37 4
32 3
0 334
28 378
37 280
33 8
5 695
10 924
15 813
16 460
17 698
19 389
21 503
30 858
34 5
15 447
24 564
26 649
28 326
39 57
35 9
6 89
7 75
16 175
21 619
24 305
25 112
26 465
27 434
39 257
36 7
4 941
6 162
14 186
19 137
25 131
28 27
38 208
37 8
9 406
11 643
12 352
15 9
22 199
29 634
31 4
32 280
38 5
6 108
24 116
25 77
26 484
36 208
39 8
1 225
2 190
7 182
10 641
24 562
27 177
34 57
35 257
