1.0
40 20
1 2 3 4 5 6 7 8 9 10 11 12 13 14 15 16 17 18 19 20
0 6
6 529
12 586
17 336
19 589
26 94
38 385
1 5
5 133
20 83
27 313
30 48
37 515
2 8
9 156
14 517
18 526
24 217
28 395
29 366
33 37
37 727
3 3
9 500
12 378
25 371
4 5
9 247
11 148
18 334
27 152
35 297
5 6
1 133
8 844
22 449
31 751
36 644
38 412
6 3
0 529
27 529
28 641
7 6
9 485
21 671
23 207
25 629
29 37
36 528
8 7
5 844
14 995
19 648
21 493
34 258
37 224
39 488
9 9
2 156
3 500
4 247
7 485
15 530
27 95
32 434
34 450
35 544
10 4
14 113
20 234
22 451
33 371
11 7
4 148
12 487
20 307
21 183
27 300
29 598
38 439
12 9
0 586
3 378
11 487
14 427
16 842
19 3
21 670
36 50
37 706
13 6
18 609
24 734
25 807
26 480
27 643
32 653
14 10
2 517
8 995
10 113
12 427
16 496
18 177
24 300
30 478
35 214
39 601
15 6
9 530
17 629
18 212
29 493
34 574
38 268
16 4
12 842
14 496
20 149
28 829
17 7
0 336
15 629
18 448
21 628
22 462
25 620
27 165
18 11
2 526
4 334
13 609
14 177
15 212
17 448
23 436
24 383
30 316
35 37
39 668
19 4
0 589
8 648
12 3
25 95
20 7
1 83
10 234
11 307
16 149
22 233
37 432
39 326
21 8
7 671
8 493
11 183
12 670
17 628
27 483
29 634
38 622
22 8
5 449
10 451
17 462
20 233
24 222
26 32
30 273
32 671
23 5
7 207
18 436
30 496
34 290
38 16
24 8
2 217
13 734
14 300
18 383
22 222
27 468
30 495
37 887
25 7
3 371
7 629
13 807
17 620
19 95
27 455
29 666
26 7
0 94
13 480
22 32
32 703
35 92
36 442
38 291
27 11
1 313
4 152
6 529
9 95
11 300
13 643
17 165
21 483
24 468
25 455
28 445
28 5
2 395
6 641
16 829
27 445
39 885
29 10
2 366
7 37
11 598
15 493
21 634
25 666
33 329
35 396
37 604
38 260
30 8
1 48
14 478
18 316
22 273
23 496
24 495
35 329
38 512
31 5
5 751
33 685
37 385
38 754
39 430
32 5
9 434
13 653
22 671
26 703
34 193
33 6
2 37
10 371
29 329
31 685
35 452
38 69
34 5
8 258
9 450
15 574
23 290
32 193
35 8
4 297
9 544
14 214
18 37
26 92
29 396
30 329
33 452
36 6
5 644
7 528
12 50
26 442
38 733
39 690
37 9
1 515
2 727
8 224
12 706
20 432
24 887
29 604
31 385
38 621
38 13
0 385
5 412
11 439
15 268
21 622
23 16
26 291
29 260
30 512
31 754
33 69
36 733
37 621
39 7
8 488
14 601
18 668
20 326
28 885
31 430
36 690
